20
00
00
00
00
00
00
00
00
00
00
00
00
00
00
00
00
00
00
00
00
00
00
00
00
00
00
00
00
00
00
00
00
00
00
00
00
00
00
00
00
00
00
00
00
00
00
00
00
00
00
00
00
00
00
00
00
00
00
00
00
00
00
00
f8
f8
e8
44
f1
45
f0
f2
e8
f0
bf
f0
47
00
00
bf
c1
07
c8
bf
60
00
24
26
bf
d8
bf
bf
47
bd
bd
f8
f7
f0
f0
b4
ff
f0
00
f4
f0
f6
68
44
42
e7
60
01
03
60
44
d0
f0
68
88
00
47
e7
e7
e7
e7
e7
49
4b
00
4d
20
20
20
20
47
46
f8
00
46
00
b0
f7
e8
f0
f0
f0
f0
f0
46
09
09
09
09
47
46
80
e8
f7
00
47
20
20
e7
00
00
49
47
01
20
47
00
20
00
00
00
20
00
00
01
