00
00
00
00
00
00
00
00
00
00
00
00
00
00
00
00
00
00
00
00
00
00
00
00
00
00
00
00
00
00
00
00
00
00
00
00
00
00
00
00
00
00
00
00
00
00
00
00
00
00
00
00
00
00
00
00
00
00
00
00
00
00
00
00
02
3a
90
82
aa
da
00
af
ba
13
18
43
18
00
00
24
78
52
30
44
0c
00
00
00
28
fb
28
48
70
1f
10
4f
ff
00
00
03
f2
00
00
4f
4f
4f
02
18
a1
f8
80
00
04
0a
19
00
4f
01
08
04
08
fe
fe
fe
fe
fe
04
05
00
40
00
00
00
00
70
75
2c
05
53
07
18
ff
bd
4f
4f
4f
4f
21
ac
c0
c0
c0
c0
70
04
00
bd
ff
00
70
00
18
fe
02
00
02
70
7d
00
70
00
00
00
00
00
00
00
00
7d
