00
00
00
00
00
00
00
00
00
00
00
00
00
00
00
00
00
00
00
00
00
00
00
00
00
00
00
00
00
00
00
00
00
00
00
00
00
00
00
00
00
00
00
00
00
00
00
00
00
00
00
00
00
00
00
00
00
00
00
00
00
00
00
00
02
3a
90
82
aa
da
00
af
ba
13
18
43
18
00
00
24
78
52
30
44
0c
00
00
00
28
fb
28
48
70
1f
10
51
ff
00
00
03
f2
00
00
4f
4f
18
0a
19
00
4f
4f
4f
02
18
bc
f8
00
81
4f
01
fe
fe
fe
fe
fe
00
05
06
00
40
01
00
00
00
00
70
75
2c
05
53
07
18
ff
bd
4f
4f
4f
4f
21
ac
c0
c0
c0
c0
70
04
00
bd
ff
00
70
00
18
fe
02
00
02
70
7d
00
70
00
00
00
00
00
00
00
00
7d
