20
01
01
01
01
01
01
00
00
00
00
01
01
00
01
01
01
01
01
01
01
01
01
01
01
01
01
01
01
01
01
01
01
01
01
01
01
01
01
01
01
01
01
01
01
01
01
01
01
01
01
01
01
01
01
01
01
01
01
01
01
01
01
01
f0
f0
a0
0c
44
07
d1
f8
0e
00
0f
1a
03
01
01
3a
c8
d8
bf
c1
68
47
23
25
3a
c1
07
c1
60
b5
b5
f0
46
ff
f8
f8
f7
bc
f8
48
61
03
68
44
42
e7
60
01
03
60
44
d0
f0
68
88
00
47
e7
e7
e7
e7
e7
48
4a
47
00
ff
00
20
10
10
47
47
f0
46
46
f0
46
b5
ff
40
06
07
08
0b
01
e8
e8
e8
e8
46
b5
f3
46
40
bf
48
00
49
be
00
47
48
60
78
00
20
02
00
00
01
02
00
20
01
78
